sample,Tissue/Fluid, Treatment,11-Dehydrocorticosterone,17-hydroxypregnenolone,17-hydroxyprogesterone,Aldosterone,Androstenolone (DHEA),Cortexolone,Cortexone,Corticosterone_ DOC,Cortisol,Cortisone,Estradiol,Estrone,Mono-(2-ethylhexyl) phthalate,Pregnenolone,Progesterone,Testosterone
12 control Adrenal Dam,1,1,23835.2255,27.3278,0,238.5226,2.6958,0,3701.6886,36301.1464,0,0,3.0703,5.0585,0,3488.1619,32510.5899,1.2517
1 control Adrenal Dam,1,1,10484.5095,44.3662,0,225.6918,12.8083,0,8061.3155,16800.1492,0,0,1.6011,0,0,4732.1346,36655.3803,1.9252
27 control Adrenal Dam,1,1,12642.8922,27.9861,0,274.6533,8.3817,0,3014.5222,39623.4845,0.2597,0,1.9916,1.8535,0,1940.4254,34610.9938,1.2481
28 control Adrenal Dam,1,1,25842.7495,34.1668,0,455.0295,1.5311,0,4327.8612,63522.7144,0,0,0.9854,0.2731,0,1591.9324,22989.5503,1.4745
39 control Adrenal Dam,1,1,7625.3871,2.6869,0,272.3569,1.6556,0,1486.2565,25551.2012,0.7886,0,4.4365,12.0294,0,812.5685,17862.248,0.4998
3 control Adrenal Dam,1,1,8356.4412,40.2813,0,409.4197,6.5605,0,6036.1897,29839.7624,5.7912,0,10.187,9.6571,0,2553.5213,35255.7682,0.9695
40 control Adrenal Dam,1,1,8421.2096,8.3829,0,87.233,10.0187,0,2368.142,47231.5072,0.3966,0,41.5669,109.5632,0,1281.8174,21830.6172,3.4393
8 control Adrenal Dam,1,1,4620.783,51.8701,0,128.4816,3.8857,0,4399.0347,17090.3741,0,0,3.5924,0,0,2752.8709,22505.9028,1.9452
9 control Adrenal Dam,1,1,15710.8512,103.5159,0,537.329,9.3938,0,13841.805,43277.5114,0,1.3453,3.0341,11.1897,0,3048.9149,35167.5745,1.0081
10 MZD Adrenal Dam,1,3,1059.4786,29.7518,0,72.6714,7.6138,0,5045.4401,13285.6724,0,0,96.9885,53.8581,0,2402.3593,26227.8594,0.8769
11 MZD Adrenal Dam,1,3,7570.8164,50.8764,0,122.3024,11.395,0,6779.4252,18977.7708,1.1301,0,1.6099,17.4754,0,2170.1578,34468.2276,1.4802
14 MZD Adrenal Dam,1,3,14954.7481,54.1581,0,121.5821,3.6247,0,7023.0581,58686.8335,1.1175,0,3.5031,0,0,3712.209,51631.6314,2.5779
19 MZD  Adrenal Dam,1,3,5472.0915,30.6466,0,610.397,6.468,0,1047.5817,18291.1183,0.3579,0.0202,1.9795,0,0,465.3433,8643.7782,0.3795
32 MZD Adrenal Dam,1,3,6965.4888,16.2443,0,154.6223,7.0179,0,2560.0729,28504.9782,0,1.1223,10.3855,745.5974,0,1767.936,14158.5241,0.797
41 MZD Adrenal Dam,1,3,5427.5005,23.1293,0,582.1385,4.2344,0,3021.5074,38480.4645,4.9959,2.7838,0.9086,2.8676,0,1870.3815,30070.8577,0.9078
5 MZD Adrenal Dam,1,3,33929.1677,125.4054,0,282.2845,9.8353,0,22659.8708,43388.0701,0,13.612,4.9175,74.4066,0,2247.7366,29203.6513,1.0808
12 control Brain Female,2,1,0.0554,0.8634,0.1926,2.2558,0.0736,0,0.614,41.5625,0.8602,0,0.3894,5.4913,0,43.8778,9.3576,1.3924
1 control Brain Female,2,1,7.4762,0.6625,0,0.7298,1.1212,0,2.4943,29.1681,0,0,1.96,51.2984,0,26.1819,16.9929,0.1424
27 control Brain Female,2,1,1.7827,0.1652,0,0.2609,1.902,0.7639,0.0277,12.2099,0,0,0.5881,2.7138,0,38.4606,8.9626,0.1084
28 control Brain Female,2,1,0.7951,0.4657,0.025,1.0761,2.5224,0.6634,0.5185,13.0188,0,0,0.4649,1.2954,0,35.3725,10.8337,0.2099
39 control Brain Female,2,1,0.3815,0.3484,0.16,0.7518,1.9872,0.0224,0.5317,19.3097,1.1368,0,0.9791,0.0719,0,15.0785,13.1233,0.3801
3 control Brain Female,2,1,18.8192,0.8419,0.0545,1.5697,0.5839,1.0199,1.5473,51.6011,0,0,0.234,22.4314,0,0,11.6287,1.1602
40 control Brain Female,2,1,1.2007,1.2602,0.2398,1.0289,3.4558,0,0.1163,29.2061,0,0,2.3164,1.2477,0,4.0153,7.9524,0.5682
8 control Brain Female,2,1,0.2339,0,0.0063,0.6085,0.0554,0,0.0242,22.4342,0.0613,0.0453,0.3506,0.1143,0,29.4154,3.8006,0.4888
9 control Brain Female,2,1,19.0092,0.4104,0.1341,0.7219,0.5245,0.6131,0.0085,30.3563,0,0.0839,1.9704,3.2205,0,11.5833,9.9198,0.0927
10 MZD Brain Female,2,3,0.5012,0.1738,0,0.9595,0.1567,0.0321,0.0516,26.0244,0,0,0.1687,0.0575,0,16.7754,7.5934,0.0205
11 MZD Brain Female,2,3,0.1128,0,0.1464,0.2165,0.3664,0.1141,0.0227,27.9348,0,0,0.1827,1.0335,0,0,9.5389,0
14 MZD Brain Female,2,3,0.5216,0.5829,0,0.3393,0.0797,0,0.3886,17.5193,0,0,0.5667,0.1939,0,0,5.3987,0.239
19 MZD  Brain Female,2,3,0,0.0532,0.2249,0.4423,1.9025,0,0.0685,14.2029,0,0,0.7303,9.5552,0,0,8.1505,0.0172
32 MZD Brain Female,2,3,1.6168,0.8018,0.0985,0.3599,0.6022,0,0.0452,13.1352,0,0,4.8665,3.4721,0,2.3984,9.7737,0.1105
41 MZD Brain Female,2,3,0.8297,0.9217,0.1768,0.3732,1.9056,0.1152,0.041,20.3701,0,0.1542,0.1858,0.0422,0,26.1279,7.5037,0.4448
5 MZD Brain Female,2,3,0.3942,0.9009,0.2499,0.5155,0.9344,0,0.2817,55.2641,0,0,0.4831,4.7365,0,6.3838,9.3869,0.2402
12 control Liver F,3,1,10.0535,0,0.0461,0.227,2.6164,2.0293,0.1111,244.3015,0.1645,0.2767,1.0721,3.2174,0,115.0345,4.028,0.0621
1 control Liver F,3,1,14.8353,0,0,1.3391,3.3967,0.7964,0.7602,186.456,0.0314,0.3359,1.4837,1.3739,0,60.3245,3.5225,0.2724
27 control Liver F,3,1,8.8838,1.62,0.0075,0,1.3323,0.5483,0.0304,121.1104,0.0084,0.0016,0.3929,1.4422,0,99.9746,2.444,0.0709
28 control Liver F,3,1,3.6932,0,0.0147,0.4827,1.8662,1.3084,0.0482,116.9028,0.0236,0,1.1605,1.1798,0,88.9732,2.2254,0.095
39 control Liver F,3,1,0,1.7138,0.0228,1.8754,2.3117,0.8209,0.1147,107.1804,0.0127,0,0.5021,0.9298,0,129.9446,4.0651,0.171
3 control Liver F,3,1,9.0313,1.664,0.0552,3.7313,1.268,0,0.8027,205.9816,0,0.265,0.0456,1.0775,0,70.4375,3.1261,9.888
40 control Liver F,3,1,7.2424,0,0.0582,2.0846,1.3487,0.4,0.1695,154.2621,0,0.1344,2.2908,2.7155,0,39.149,3.9646,0.0915
8 control Liver F,3,1,0.0416,0.042,0.0054,1.4563,2.869,0.7457,0.0433,49.2216,0.0341,0.0144,0.7704,1.1012,0,18.3874,1.0447,0.0112
9 control Liver F,3,1,7.7678,2.468,0.046,5.6069,7.7614,1.103,0.9291,127.6038,0.0636,0.0192,3.8675,2.2062,0,65.8555,3.9815,0.1774
10 MZD Liver F,3,3,0,0,0,0,0,0,0,0,0,0,0,0,0,0,0,0
11 MZD Liver F,3,3,0,0,0.0874,2.3326,11.0797,1.0022,0.5574,181.4056,0.0974,0.6143,2.7736,4.992,0,152.0155,2.839,0
14 MZD Liver F,3,3,0.0814,0,0,0.7222,1.6505,0.6387,0.0543,93.2487,0,0.0106,5.7116,1.091,0,76.6386,3.3351,0.0344
19 MZD Liver F,3,3,3.6288,0,0.0739,1.8131,1.3697,0.095,0.135,127.8858,0,0.0041,1.144,2.941,0,80.0395,2.7631,0.0287
32 MZD Liver F,3,3,1.8293,1.4402,0,0.1448,4.0775,0.5593,0.0738,146.5672,0.0238,0.0018,1.7596,3.0089,0,69.3278,3.2956,0.0817
41 MZD Liver F,3,3,0,1.0333,0,0.1259,3.5577,0.448,0.0235,82.9493,0,0,0.8167,1.2613,0,57.9476,3.2256,0.0443
5 MZD Liver F,3,3,2.0178,0,0.007,2.6829,8.9405,0.9375,0.8067,325.0018,0,0,1.2709,3.4359,0,69.1712,4.1908,0.0377
12 control Brain Male,4,1,0,1.1895,0,0.9526,0.2788,0,0.58,41.8783,0,0.6151,1.6787,12.8133,0,38.3294,18.2406,1.9372
1 control Brain Male,4,1,3.4985,1.8747,0.1131,1.5655,1.2248,0.2544,0.2688,19.045,0,0.0391,2.1047,68.1655,0,17.3022,17.2228,0.2934
27 control Brain Male,4,1,0.9647,2.989,0.2599,1.8809,4.9843,4.4383,3.0042,36.575,0.6826,0.0624,4.4033,26.3184,0,26.1482,20.4346,0.8047
28 control Brain Male,4,1,7.3077,0.4791,0.2648,1.1695,2.3957,0,0.0656,17.8475,1.0419,0.0083,1.9988,3.7171,0,11.1313,12.6129,0.7104
39 control Brain Male,4,1,17.7655,0,0.1044,2.3636,0,0.9283,1.1249,34.6248,0.7328,0.0777,1.6207,26.2772,0,10.1766,14.4552,0.9864
3 control Brain Male,4,1,0.0465,2.4718,0,0.423,1.6952,0,0.0105,15.8505,0.2325,0.0348,0.289,123.8027,0,25.1818,9.9421,0.2922
40 control Brain Male,4,1,0,0,0.1686,0.819,1.9252,0,1.9342,54.1823,1.3895,0.0401,2.2483,21.6092,0,8.5155,10.1324,0.8206
8 control Brain Male,4,1,18.5489,0,0.0471,0.4675,0.3388,0.1337,0.847,81.6956,0,0.0173,0.2187,7.5833,0,9.314,10.119,1.2836
9 control Brain Male,4,1,1.1177,2.7412,0.2156,0.8539,1.0767,0,0.0547,12.5206,0.0675,0.0266,0.1132,1.4592,0,15.4339,13.1927,0.6748
10 MZD Brain Male,4,3,0.9297,0,0.0347,0.6712,1.2141,0,0.1021,18.7618,0.0246,0.0194,0.6007,5.6088,0,22.6191,9.062,0.3532
11 MZD Brain Male,4,3,0.4111,1.9348,0.0173,0.6429,0.993,0,0.2344,12.0936,0.3451,0.0282,0.2658,10.5855,0,18.1653,8.8653,0.6121
14 MZD Brain Male,4,3,0,1.8559,0.2237,0.654,1.2798,0,0.0252,20.5394,0.3251,0.0216,0.3531,0.954,0,3.91,6.7282,0.6399
19 MZD Brain Male,4,3,0,0,0.0574,1.0933,1.6429,0,0.0218,13.9393,0.1892,0.03,1.5409,0.4139,0,23.0166,6.3343,0.4944
32 MZD Brain Male,4,3,0.722,1.7675,0.1267,2.358,1.7871,0.6396,0,25.1962,0.0974,0.0706,4.9993,179.382,0,16.818,10.0695,1.3204
41 MZD Brain Male,4,3,0,4.6866,0.2737,1.0788,0,0,1.1653,52.3447,0.2193,0.0437,0.9787,3.3377,0,3.4881,14.0027,0.9527
5 MZD Brain Male,4,3,0,0.8899,0.1728,0.1802,1.9397,0,0.0479,53.4594,0.1139,0.0439,1.2607,4.189,0,17.1742,14.0197,0.0644
12 control Liver M,5,1,3.409,0,0.0998,0.664,7.4267,8.8542,0.4509,653.5112,0,0.3622,1.1377,10.6507,0,258.2781,16.6592,0.4869
1 control Liver M,5,1,1.8496,0,0,1.0277,3.9361,4.5635,1.0993,217.589,0.6009,0.0936,1.1816,8.8205,0,145.9554,5.34,0.1071
27 control Liver M,5,1,5.4562,0,0.0714,0.1005,2.1075,1.4544,0.0388,104.4673,0.0288,0.0701,0.5207,3.1305,0,112.2313,3.8025,0.1764
28 control Liver M,5,1,2.9781,1.937,0.0204,0,2.2627,0.2612,0.0597,92.5438,0.0256,0,0.4789,2.4179,0,46.6972,3.0089,0.1102
39 control Liver M,5,1,3.5532,0,0.0207,2.493,1.166,0.4065,0.035,131.3276,0.3855,0.0068,0.5353,1.9898,0,95.881,4.194,0.0808
3 control Liver M,5,1,8.7737,0,0.0547,5.0012,3.7644,0,0.4909,222.5314,0.0459,0.1093,1.1238,2.7281,0,50.7956,3.9073,0.3642
40 control Liver M,5,1,1.5794,0,0.0444,1.9284,2.5741,0.3476,0.0849,136.7802,0,0,1.8703,3.7499,0,61.0175,3.3479,0.1628
8 control Liver M,5,1,46.443,5.2508,0,4.774,8.6679,5.0751,86.3795,471.6937,0.0546,0.0219,1.8663,4.3598,0,142.3786,41.2162,0.1509
9 control Liver M,5,1,4.2498,3.7901,0.1927,0,3.0579,0.8901,1.1727,116.9017,0.144,0,0.8138,1.3761,0,101.2609,4.298,0.1784
10 MZD Liver M,5,3,0,0,0,0,0,0,0,0,0,0,0,0,0,0,0,0
11 MZD Liver M,5,3,1.2967,1.8226,0.0994,4.2113,4.0403,1.1847,0.3579,136.3234,0,0.381,2.5098,4.9916,0,99.6727,3.6606,0.5304
14 MZD Liver M,5,3,0.1664,2.9652,0.167,0.7826,2.1549,0.7469,0.0705,124.7091,0.0185,0.2549,1.9918,1.7765,0,73.033,3.6462,0.0947
19 MZD Liver M,5,3,7.1815,0,0.0422,0.8139,0.8135,0.4052,0.034,133.5327,0,0.0027,13.8242,0.3134,0,107.6079,2.5725,0.1156
32 MZD Liver M,5,3,1.5764,0.2128,0.0504,1.5945,1.2176,0.1622,0.0042,51.9148,0.0033,0.0038,2.2439,0.8146,0,16.3949,1.7493,0.1004
41 MZD Liver M,5,3,4.5434,0,0.0181,0.8604,0.9955,1.0866,0.092,122.0768,0.0261,0.0595,0.9963,1.0065,0,110.5406,2.914,0.0219
5 MZD Liver M,5,3,14.3505,1.1373,0.042,3.8469,4.7699,3.5197,0.4322,327.7852,1.0672,0,10.8545,5.0993,0,64.2618,4.5019,0.292
12 control liver Dam,6,1,2.6541,3.1537,0.0443,0.9195,0.5882,0.2869,0.1371,6.6569,0,0.0188,39.8089,2.797,0,12.0754,4.6035,0.2084
1 control liver Dam,6,1,3.2696,7.6261,0.0263,0.1416,2.902,0.0288,0.0824,7.3723,0,0,0.818,0.8148,0,3.044,8.9707,0.0378
27 control liver Dam,6,1,2.1286,8.1081,0.0905,0,1.1102,0.2585,0.234,8.0822,0.4444,0,2.8476,3.1802,0,20.3983,6.7476,0.4812
28 control liver Dam,6,1,4.1406,6.6466,0.0834,0.798,0.4766,0.4061,0.2142,4.4324,0,0,2.3645,3.1959,0,11.242,6.5805,0.5402
39 control liver Dam,6,1,1.0045,9.5264,0.0132,0.8154,0.368,0.054,0.2306,4.1474,0.6061,0.1116,6.6585,1.3967,0,15.0316,5.2085,0.3004
3 control liver Dam,6,1,2.8397,19.5729,0.0237,0,2.5754,0,0.4907,5.5938,1.0052,0.1574,8.6212,1.9077,0,14.2901,4.2509,0.0794
40 control liver Dam,6,1,1.2471,9.5013,0.0279,0.7352,0.4928,0.3793,0.3202,7.5278,0,0.1893,2.3525,1.3134,0,15.828,5.7894,0.4126
8 control liver Dam,6,1,1.0363,8.9308,0.0288,0.0249,0.7455,0.132,0.3278,6.2054,0,0.0128,2.953,1.3122,0,13.448,3.814,0.0712
9 control liver Dam,6,1,1.5424,6.7693,0.0702,0.0306,0.7318,0.2186,0.0957,2.2636,0.4147,0.0471,2.056,1.2384,0,0,5.1753,0.0458
10 MZD liver Dam,6,3,5.9236,4.4942,0.0102,0.0814,0.601,0.1722,0.3726,1.3837,0.1759,0.051,7.4813,1.029,0,0.9258,3.5907,0.053
11 MZD liver Dam,6,3,7.336,3.7307,0.0398,0.2966,2.7089,0.0478,0.0956,2.5214,0,0.0918,2.3735,1.7647,0,3.5134,3.9338,0.0469
14 MZD liver Dam,6,3,3.6644,5.0452,0.0136,0,0.5064,0.0883,0.1886,2.1311,0.309,0,52.7129,3.0115,0,30.6418,5.0383,0.016
19 MZD liver Dam,6,3,1.2324,1.0646,0.0434,0.3206,0.6277,0.0297,0.0697,1.5073,0,0.0209,56.2007,2.4457,0,3.6901,2.8844,0.0131
32 MZD liver Dam,6,3,2.3606,3.1151,0.1124,0.9725,0.7031,0.1431,0.0264,8.7489,0.0682,0.0632,6.7624,4.2274,0,4.6509,4.5819,0.5112
41 MZD liver Dam,6,3,0.917,4.6431,0.0266,1.0847,0.7258,0.0377,0.0721,3.2373,0,0.078,9.2238,1.7173,0,9.6491,3.7239,0.15
5 MZD liver Dam,6,3,1.7916,5.5735,0.0022,0.416,0.5645,0,0.1639,1.8843,0.6002,0.0094,11.7477,3.5701,0,15.2233,4.6303,0
12 control  MP,7,1,89.2842,26.5807,0.6636,0.6972,1.4081,2.6975,5.1654,165.4726,0.1713,0.1157,4.6502,0.3817,0,0.6765,46.3894,0.8552
1 control  MP,7,1,79.1328,4.214,0.9109,0.6509,0,4.2024,6.172,102.7064,0.0278,0.0506,7.1803,0.6864,0,8.2062,74.6454,0.9536
27 control  MP,7,1,8.221,0,0.0265,0.2455,5.3724,1.649,4.187,117.7252,0,0,1.4645,0.0583,0,2.0114,26.083,0.1517
28 control  MP,7,1,18.2675,0,0.0777,0.3654,5.7629,6.8314,6.2141,280.3428,0.2792,0,0.9333,0.2145,0,2.8347,50.7747,0.1703
39 control  MP,7,1,9.6441,0,0.0153,0.194,5.6175,0,4.0328,104.3683,0,0.0017,1.2128,0.2124,0,8.5065,50.0771,0.2108
3 control MP,7,1,50.6492,0,0.1504,0.5171,0.8688,1.5412,3.8262,177.7068,0.3956,0.0018,0.8312,0.2637,0,2.6013,65.3169,0.3701
40 control  MP,7,1,17.2151,0,0.2154,0.1753,2.7187,1.5409,2.3204,181.1082,0.1336,0.0203,0.6944,0.3504,0,3.9377,26.5761,0.0787
8 control  MP,7,1,43.5497,28.1909,0.1282,0.879,0.4564,2.7996,3.0904,106.0498,0.1556,0.0038,0.58,0.8132,0,1.9265,37.5093,0.3541
9 control  MP,7,1,66.5652,57.9448,0.1769,0.6545,2.948,4.9527,4.3998,156.2247,0.1528,0.0587,0.4489,0.7904,0,2.4975,53.7003,0.1696
10 MZD  MP,7,3,42.6234,27.3632,0.3055,1.1537,0.9756,0.2417,2.4163,71.1766,0,0.0599,0.6106,0.3316,0,0.3872,49.9281,0.2888
11 MZD  MP,7,3,34.899,38.8377,0.1396,0.999,2.7093,2.1365,2.8829,101.6979,0.0698,0.0072,0.6574,0.852,0,0.485,59.5961,0.2837
14 MZD  MP,7,3,97.4359,31.3003,0.352,1.2272,0,9.1733,3.7312,348.5452,0.4932,0.1193,1.5994,0.1749,0,1.8348,70.0241,0.6231
19 MZD  MP,7,3,41.9292,11.0685,0.1526,0.6003,0.7431,0,2.3839,63.677,0.1113,0.0542,0.6522,1.1057,0,1.2389,31.5607,0.3625
32 MZD  MP,7,3,20.3043,0,0.4055,0.2676,0,1.9338,3.64,117.6072,0.1881,0,1.3268,0.3273,0,1.8044,25.0777,0.2462
41 MZD  MP,7,3,18.5954,0,0.1804,0.141,2.1629,0,2.8829,48.2042,0.016,0.0137,0.3362,0.1882,0,2.3499,44.5293,0.0817
5 MZD  MP,7,3,49.4423,52.6515,0.2621,0.0798,2.6407,3.8068,3.8743,353.3112,0.0031,0.0476,0.9373,0.3269,0,3.9232,65.0326,0.5339
12 control  Pta,8,1,92.54,0.5261,0.0391,0.1068,3.242,12.82,4.0836,83.9406,0,0,0.2404,0.8299,0,1.7264,5.8935,1.0298
1 control Pta,8,1,257.5293,3.2486,0,3.1936,0.644,23.9238,4.7419,98.0157,2.0629,0.0838,1.0562,0.5559,0,10.4675,8.0744,1.5764
27 control Pta,8,1,151.8951,1.9977,0.0793,0.3251,3.5398,12.5564,10.0167,53.0037,0,0.0279,0.0576,1.3227,0,11.2754,8.3581,1.7268
28 control  Pta,8,1,161.9026,3.9771,0.0302,2.6784,3.0346,19.3029,4.7411,77.9598,0.3875,0,11.5044,0.5469,0,15.0795,6.5753,0.7856
39 control  Pta,8,1,166.3578,3.908,0.0282,1.2565,10.3095,26.4597,10.7042,92.6086,0.0669,0.1314,13.1434,1.0771,0,9.7522,10.3631,1.0576
3 control Pta,8,1,140.6641,0.7395,0,1.3805,8.1818,28.5286,6.8899,138.7512,0,0.0879,2.4129,0.5682,0,11.1497,6.868,1.6947
40 control  Pta,8,1,74.8664,0.5716,0.0124,0.3878,1.9176,8.2476,0.1579,44.0055,0.1804,0.0401,0.035,0.4756,0,1.1936,6.8468,0.1261
8 control Pta,8,1,53.1049,2.006,0.0512,0,1.5943,8.067,1.1722,74.7278,0.2526,0,0.3766,1.0062,0,3.0557,3.5526,0.5148
9 control  Pta,8,1,140.4334,0.093,0.0227,0.5896,3.0926,18.5106,7.7456,69.3121,0.1833,0,1.2378,2.1646,0,4.7412,6.7277,0.8242
10 MZD  Pta,8,3,98.009,0.5548,0.0096,0.7908,1.7196,9.6605,1.0351,52.6766,0,0,7.2215,1.0623,0,9.7832,3.1943,0.3189
11 MZD  Pta,8,3,124.101,2.1811,0.016,1.2415,2.0434,19.2804,3.6256,87.4661,0,0.0248,7.9642,0.3063,0,7.3229,4.3409,0.5124
14 MZD  Pta,8,3,17.0577,0.8204,0.0298,0.9001,0.48,6.5056,1.8373,43.8532,0,0,0.0121,0.0713,0,1.8459,7.6125,0.2286
19 MZD  Pta,8,3,60.5243,0.7945,0.0362,0.5891,4.6271,4.8078,2.4933,38.8932,0.6035,0.0099,10.351,9.7116,0,1.1814,6.6679,1.2728
32 MZD  Pta,8,3,243.9153,2.5642,0.0236,0.7091,2.4415,22.6775,6.3351,73.6479,0.2621,0,3.7036,1.6794,0,5.3694,12.3575,1.8989
41 MZD  Pta,8,3,57.3629,0.2817,0.0176,0.9815,3.4293,16.0849,1.1712,75.5253,0.0921,0.4051,18.4825,2.1545,0,10.8704,5.3522,0.998
5 MZD  Pta,8,3,145.0737,2.3042,0.019,0.5243,2.9389,21.6883,3.229,126.2698,0,0.3815,13.4437,0.8072,0,9.499,5.7299,0.3218
